[array([[819, 816],
       [816, 819],
       [813, 819],
       [795, 837],
       [795, 840],
       [792, 843],
       [792, 903],
       [795, 906],
       [795, 909],
       [798, 912],
       [801, 909],
       [816, 909],
       [819, 906],
       [831, 906],
       [834, 909],
       [843, 909],
       [846, 912],
       [852, 912],
       [855, 915],
       [864, 915],
       [867, 918],
       [873, 918],
       [876, 915],
       [894, 915],
       [900, 909],
       [903, 909],
       [918, 894],
       [921, 894],
       [921, 891],
       [927, 885],
       [933, 885],
       [936, 882],
       [939, 882],
       [951, 870],
       [951, 867],
       [954, 864],
       [954, 855],
       [957, 852],
       [957, 843],
       [954, 840],
       [954, 834],
       [951, 831],
       [948, 831],
       [945, 828],
       [942, 828],
       [939, 825],
       [936, 825],
       [933, 822],
       [933, 819],
       [930, 819],
       [927, 816]]), array([[1281,  564],
       [1278,  567],
       [1275,  567],
       [1275,  570],
       [1272,  573],
       [1272,  672],
       [1275,  675],
       [1275,  678],
       [1278,  678],
       [1281,  681],
       [1314,  681],
       [1317,  684],
       [1329,  684],
       [1332,  681],
       [1335,  681],
       [1347,  669],
       [1350,  669],
       [1359,  660],
       [1362,  660],
       [1368,  654],
       [1371,  654],
       [1374,  651],
       [1374,  648],
       [1377,  645],
       [1377,  615],
       [1380,  612],
       [1380,  609],
       [1383,  606],
       [1383,  603],
       [1386,  600],
       [1386,  597],
       [1389,  594],
       [1389,  582],
       [1386,  579],
       [1386,  573],
       [1380,  567],
       [1377,  567],
       [1374,  564]]), array([[1458,  528],
       [1452,  534],
       [1452,  549],
       [1455,  552],
       [1455,  558],
       [1473,  558],
       [1476,  555],
       [1479,  555],
       [1479,  552],
       [1482,  549],
       [1482,  543],
       [1479,  540],
       [1479,  534],
       [1476,  531],
       [1470,  531],
       [1467,  528]])]