[array([[1035,  576],
       [1032,  579],
       [1032,  606],
       [1038,  612],
       [1047,  612],
       [1050,  609],
       [1062,  609],
       [1068,  603],
       [1068,  588],
       [1065,  585],
       [1065,  579],
       [1062,  579],
       [1059,  576]]), array([[1275,  624],
       [1272,  627],
       [1272,  642],
       [1275,  645],
       [1311,  645],
       [1317,  639],
       [1317,  627],
       [1314,  627],
       [1311,  624]]), array([[1022,  720],
       [1017,  726],
       [1017,  741],
       [1007,  750],
       [ 987,  750],
       [ 984,  753],
       [ 972,  753],
       [ 969,  756],
       [ 962,  756],
       [ 960,  759],
       [ 957,  759],
       [ 951,  765],
       [ 945,  765],
       [ 942,  768],
       [ 936,  768],
       [ 927,  777],
       [ 921,  777],
       [ 918,  780],
       [ 912,  780],
       [ 909,  783],
       [ 903,  783],
       [ 900,  786],
       [ 897,  786],
       [ 894,  789],
       [ 855,  789],
       [ 852,  792],
       [ 849,  792],
       [ 843,  797],
       [ 843,  816],
       [ 840,  819],
       [ 840,  969],
       [ 843,  972],
       [ 843,  978],
       [ 855,  990],
       [ 858,  990],
       [ 861,  993],
       [ 867,  993],
       [ 870,  996],
       [ 873,  996],
       [ 882, 1005],
       [ 891, 1005],
       [ 894, 1008],
       [ 912, 1008],
       [ 915, 1005],
       [ 918, 1005],
       [ 921, 1008],
       [ 936, 1008],
       [ 939, 1011],
       [ 942, 1011],
       [ 945, 1014],
       [ 945, 1026],
       [ 942, 1029],
       [ 942, 1032],
       [ 939, 1035],
       [ 939, 1038],
       [ 936, 1041],
       [ 936, 1047],
       [ 933, 1050],
       [ 933, 1059],
       [ 945, 1059],
       [ 951, 1053],
       [ 957, 1053],
       [ 960, 1056],
       [ 960, 1059],
       [ 981, 1059],
       [ 984, 1062],
       [1065, 1062],
       [1071, 1056],
       [1074, 1056],
       [1092, 1038],
       [1092, 1035],
       [1104, 1023],
       [1104, 1020],
       [1107, 1017],
       [1107, 1014],
       [1110, 1011],
       [1110, 1008],
       [1116, 1002],
       [1116,  999],
       [1122,  993],
       [1122,  990],
       [1143,  969],
       [1146,  969],
       [1164,  951],
       [1164,  948],
       [1170,  942],
       [1170,  932],
       [1173,  930],
       [1173,  918],
       [1176,  915],
       [1176,  909],
       [1179,  906],
       [1179,  900],
       [1182,  897],
       [1182,  879],
       [1185,  876],
       [1185,  837],
       [1188,  834],
       [1188,  831],
       [1191,  828],
       [1191,  825],
       [1194,  822],
       [1194,  792],
       [1191,  789],
       [1191,  786],
       [1188,  783],
       [1188,  780],
       [1185,  777],
       [1185,  774],
       [1182,  771],
       [1182,  765],
       [1176,  759],
       [1176,  750],
       [1173,  747],
       [1173,  738],
       [1170,  735],
       [1170,  732],
       [1161,  723],
       [1149,  723],
       [1146,  720]]), array([[771, 552],
       [768, 555],
       [765, 555],
       [762, 558],
       [759, 558],
       [753, 564],
       [750, 564],
       [747, 567],
       [747, 573],
       [744, 576],
       [744, 642],
       [747, 645],
       [747, 651],
       [750, 654],
       [762, 654],
       [765, 651],
       [771, 651],
       [774, 648],
       [780, 648],
       [789, 639],
       [789, 636],
       [804, 621],
       [846, 621],
       [855, 630],
       [855, 633],
       [858, 636],
       [861, 633],
       [885, 633],
       [888, 630],
       [903, 630],
       [909, 624],
       [912, 624],
       [930, 606],
       [930, 603],
       [933, 600],
       [933, 558],
       [927, 552]]), array([[1362,  552],
       [1356,  558],
       [1356,  636],
       [1359,  639],
       [1359,  642],
       [1365,  642],
       [1368,  645],
       [1413,  645],
       [1434,  624],
       [1434,  621],
       [1437,  618],
       [1437,  612],
       [1440,  609],
       [1440,  606],
       [1443,  603],
       [1443,  597],
       [1446,  594],
       [1446,  579],
       [1443,  576],
       [1443,  558],
       [1440,  555],
       [1437,  555],
       [1434,  552]]), array([[1362,  552],
       [1356,  558],
       [1356,  636],
       [1359,  639],
       [1359,  642],
       [1362,  642],
       [1365,  645],
       [1413,  645],
       [1434,  624],
       [1434,  621],
       [1437,  618],
       [1437,  612],
       [1440,  609],
       [1440,  603],
       [1443,  600],
       [1443,  555],
       [1437,  555],
       [1434,  552]]), array([[1455,  528],
       [1452,  531],
       [1452,  570],
       [1455,  573],
       [1455,  576],
       [1461,  576],
       [1464,  579],
       [1467,  579],
       [1470,  582],
       [1482,  582],
       [1497,  567],
       [1494,  564],
       [1494,  549],
       [1491,  546],
       [1491,  534],
       [1488,  531],
       [1485,  531],
       [1482,  528]]), array([[1275,  516],
       [1272,  519],
       [1272,  540],
       [1275,  543],
       [1275,  546],
       [1293,  546],
       [1296,  543],
       [1302,  543],
       [1302,  537],
       [1305,  534],
       [1305,  519],
       [1302,  516]]), array([[798, 552],
       [792, 558],
       [792, 561],
       [795, 564],
       [795, 594],
       [798, 597],
       [798, 600],
       [801, 600],
       [804, 603],
       [807, 603],
       [819, 615],
       [834, 615],
       [837, 618],
       [846, 618],
       [855, 627],
       [858, 627],
       [861, 630],
       [891, 630],
       [894, 627],
       [903, 627],
       [909, 621],
       [915, 621],
       [930, 606],
       [930, 597],
       [933, 594],
       [933, 558],
       [927, 552]])]